6
9
34.743576	19.610262
10.701942	46.056057
20.601439	40.823463
45.138042	66.067177
48.885712	30.923971
46.552258	29.014782
33.400070	35.237320
31.844439	26.752039
55.532516	12.114931
4
0.000000	0.000000
10.000000	0.000000
10.000000	10.000000
0.000000	10.000000
3
63.029442	22.922480
55.368996	16.494604
56.601566	30.582924
3
19.777771	4.449960
26.971170	-2.496626
23.251060	8.046660
10
70.000000	80.000000
75.877853	78.090172
79.510567	73.090172
79.510567	66.909828
75.877853	61.909828
70.000000	60.000000
64.122147	61.909828
60.489433	66.909828
60.489433	73.090172
64.122147	78.090172
8
37.500000	37.500000
0.625000	37.500000
37.500000	62.500000
62.500000	62.500000
37.500000	62.500000
62.500000	62.500000
37.500000	37.500000
62.500000	37.500000
