3
12
1.087207	0.300756	0.626337
1.090471	0.422081	0.539066
1.015684	0.384248	0.471753
0.871248	0.162390	0.664068
0.946037	0.200223	0.731381
0.862055	0.259416	0.709031
0.951320	0.396531	0.590174
1.099666	0.325056	0.494104
1.010399	0.187940	0.612961
0.966196	0.239541	0.517421
0.874514	0.283715	0.576797
0.995525	0.344930	0.685712
30
4	8
5	6
0	7
8	9
1	6
1	11
1	2
2	9
3	10
6	10
6	11
0	11
0	4
7	9
0	1
2	6
5	11
4	5
2	10
9	10
3	9
0	8
4	11
3	5
2	7
5	10
3	4
3	8
1	7
7	8
4
-0.025000	0.000000	0.000000
0.175000	0.000000	0.000000
-0.025000	0.100000	0.000000
-0.025000	0.000000	0.100000
6
1	2
1	3
1	4
2	3
2	4
3	4
8
0.375000	0.375000	0.625000
0.625000	0.375000	0.625000
0.375000	0.625000	0.625000
0.625000	0.625000	0.625000
0.375000	0.625000	0.375000
0.625000	0.625000	0.375000
0.375000	0.375000	0.375000
0.625000	0.375000	0.375000
18
0	1
1	2
1	3
6	7
4	6
0	6
4	5
5	7
0	7
2	4
5	6
2	3
0	4
1	7
3	7
3	4
0	2
3	5
